# VZ Hya
# Phases, dymag, dbmag, dvmag, dumag (Stremgren mags) 
0.63829	1.622	1.596	1.541	1.506
0.64551	1.626	1.593	1.54	1.499
0.66279	1.624	1.596	1.539	1.499
0.67957	1.628	1.593	1.542	1.497
0.71199	1.631	1.591	1.543	1.486
0.13212	1.624	1.59	1.537	1.483
0.44822	1.628	1.596	1.544	1.498
0.46166	1.627	1.591	1.54	1.503
0.46891	1.634	1.597	1.548	1.505
0.80844	1.62	1.585	1.536	1.486
0.4797	1.758	1.72	1.657	1.625
0.49619	2.088	2.04	1.973	1.942
0.52006	1.764	1.728	1.67	1.629
0.52711	1.662	1.631	1.574	1.539
0.53392	1.628	1.59	1.539	1.488
0.54093	1.632	1.593	1.543	1.505
0.54894	1.625	1.587	1.533	1.491
0.54067	1.623	1.59	1.537	1.492
0.55156	1.623	1.585	1.539	1.494
0.56238	1.624	1.588	1.537	1.497
0.57081	1.627	1.59	1.54	1.493
0.50625	2.041	1.999	1.934	1.907
0.51666	1.825	1.784	1.724	1.676
0.52678	1.663	1.63	1.573	1.534
0.53664	1.624	1.588	1.535	1.492
0.94777	1.621	1.583	1.532	1.487
0.49818	2.108	2.062	1.991	1.968
0.80126	1.626	1.589	1.542	1.492
0.80654	1.618	1.583	1.532	1.494
0.81182	1.614	1.583	1.535	1.492
0.81691	1.624	1.586	1.534	1.496
0.82248	1.617	1.59	1.537	1.492
0.82802	1.619	1.59	1.535	1.492
0.83307	1.621	1.584	1.538	1.491
0.14081	1.619	1.599	1.544	1.495
0.14685	1.622	1.588	1.537	1.496
0.15186	1.627	1.585	1.536	1.493
0.15678	1.618	1.589	1.535	1.494
0.1619	1.623	1.58	1.533	1.487
0.16689	1.619	1.589	1.538	1.497
0.17286	1.628	1.588	1.537	1.488
0.48562	1.878	1.848	1.785	1.764
0.49072	1.984	1.941	1.876	1.853
0.49573	2.078	2.037	1.964	1.953
0.17909	1.621	1.587	1.534	1.488
0.18415	1.625	1.59	1.538	1.496
0.18905	1.617	1.583	1.532	1.488
0.19457	1.618	1.587	1.535	1.49
0.19965	1.621	1.587	1.534	1.487
0.5193	1.777	1.737	1.682	1.64
0.52424	1.704	1.66	1.602	1.559
0.52933	1.643	1.612	1.557	1.523
0.53437	1.62	1.588	1.542	1.496
0.53949	1.646	1.599	1.551	1.512
0.89684	1.622	1.589	1.538	1.485
0.90187	1.63	1.59	1.544	1.489
0.9074	1.626	1.592	1.537	1.504
0.9123	1.624	1.591	1.537	1.501
0.91736	1.631	1.592	1.534	1.502
0.23706	1.618	1.592	1.537	1.492
0.24199	1.621	1.586	1.532	1.492
0.24704	1.612	1.585	1.534	1.493
0.25203	1.623	1.586	1.531	1.493
0.2577	1.62	1.587	1.533	1.495
0.26261	1.622	1.59	1.537	1.498
0.58191	1.633	1.602	1.554	1.516
0.58747	1.623	1.588	1.537	1.501
0.59246	1.625	1.591	1.538	1.499
0.59793	1.624	1.596	1.541	1.496
0.6028	1.633	1.591	1.541	1.499
0.92934	1.623	1.591	1.54	1.483
0.93437	1.626	1.586	1.538	1.489
0.93926	1.621	1.585	1.536	1.49
0.94438	1.621	1.588	1.539	1.495
0.23627	1.621	1.588	1.539	1.51
0.24116	1.625	1.586	1.531	1.494
0.24621	1.62	1.589	1.536	1.494
0.27554	1.628	1.593	1.542	1.508
0.28041	1.626	1.593	1.543	1.492
0.63004	1.622	1.587	1.541	1.49
0.63712	1.62	1.589	1.54	1.497
0.65114	1.627	1.589	1.545	1.497
0.66555	1.625	1.589	1.535	1.503
0.92667	1.629	1.597	1.541	1.504
0.93129	1.619	1.59	1.539	1.499
0.94632	1.624	1.589	1.537	1.502
0.95872	1.621	1.591	1.539	1.508
0.97248	1.675	1.637	1.588	1.542
0.97735	1.738	1.71	1.663	1.621
0.98211	1.853	1.827	1.781	1.727
0.98674	1.983	1.951	1.913	1.872
0.99172	2.13	2.113	2.082	2.033
0.99702	2.304	2.297	2.272	2.218
0.00252	2.318	2.31	2.282	2.225
0.00886	2.12	2.099	2.068	2.014
0.29787	1.626	1.591	1.541	1.495
0.30258	1.622	1.591	1.543	1.492
0.31829	1.625	1.588	1.538	1.502
0.33049	1.625	1.586	1.538	1.482
0.33536	1.623	1.588	1.544	1.505
0.34033	1.619	1.595	1.536	1.505
0.35077	1.608	1.588	1.531	1.5
0.68729	1.625	1.585	1.54	1.496
0.95041	1.63	1.592	1.54	1.508
0.95511	1.621	1.594	1.543	1.503
0.95974	1.626	1.591	1.548	1.507
0.97006	1.643	1.608	1.555	1.523
0.98323	1.879	1.848	1.799	1.753
0.98848	2.03	2.01	1.968	1.915
0.9933	2.186	2.182	2.137	2.089
0.99804	2.317	2.323	2.296	2.238
0.00269	2.305	2.296	2.283	2.226
0.00758	2.159	2.149	2.117	2.06
0.01234	1.998	1.982	1.938	1.9
0.0174	1.857	1.836	1.785	1.74
0.03358	1.626	1.588	1.536	1.488
0.03821	1.623	1.589	1.535	1.504
0.04298	1.624	1.59	1.537	1.497
0.33007	1.626	1.586	1.543	1.496
0.34266	1.621	1.59	1.533	1.495
0.35874	1.625	1.586	1.539	1.482
0.36346	1.625	1.592	1.542	1.503
0.37367	1.623	1.592	1.544	1.485
0.37833	1.62	1.588	1.538	1.489
0.38313	1.624	1.594	1.538	1.491
0.63867	1.62	1.589	1.534	1.49
0.97763	1.751	1.714	1.665	1.627
0.9823	1.851	1.827	1.78	1.735
0.98953	2.062	2.039	2.006	1.969
0.99508	2.248	2.236	2.211	2.146
0.99977	2.342	2.345	2.321	2.266
0.00446	2.261	2.252	2.236	2.183
0.00902	2.115	2.096	2.061	2.016
0.01347	1.969	1.944	1.903	1.846
0.01812	1.85	1.81	1.767	1.727
0.02289	1.744	1.715	1.664	1.626
0.02752	1.671	1.64	1.581	1.546
0.03241	1.626	1.596	1.547	1.511
0.03695	1.621	1.595	1.536	1.498
0.04141	1.622	1.59	1.543	1.502
0.04605	1.627	1.591	1.54	1.498
0.05058	1.632	1.595	1.542	1.501
0.05882	1.628	1.593	1.54	1.501
0.06964	1.622	1.596	1.54	1.504
0.08052	1.631	1.592	1.542	1.494
0.37333	1.629	1.59	1.543	1.498
0.41784	1.628	1.59	1.535	1.499
0.42234	1.632	1.591	1.54	1.5
0.67063	1.626	1.59	1.536	1.496
0.67527	1.624	1.586	1.542	1.492
0.69548	1.628	1.586	1.539	1.505
0.69994	1.623	1.594	1.539	1.5
0.70508	1.622	1.589	1.533	1.503
0.71335	1.626	1.589	1.543	1.509
0.76927	1.625	1.585	1.538	1.488
0.00931	2.109	2.079	2.046	2.001
0.02418	1.722	1.685	1.639	1.587
0.02865	1.654	1.625	1.573	1.532
0.03333	1.626	1.593	1.538	1.504
0.03885	1.63	1.593	1.54	1.505
0.04348	1.635	1.597	1.549	1.516
0.05405	1.623	1.586	1.542	1.501
0.07458	1.626	1.59	1.54	1.498
0.36051	1.626	1.593	1.536	1.508
0.3752	1.625	1.592	1.535	1.49
0.38592	1.628	1.595	1.542	1.509
0.39041	1.628	1.593	1.544	1.498
0.39503	1.62	1.589	1.539	1.502
0.41656	1.628	1.593	1.542	1.495
0.457	1.619	1.589	1.541	1.5
0.70168	1.627	1.592	1.541	1.503
0.71606	1.628	1.591	1.538	1.504
0.76558	1.623	1.589	1.538	1.496
0.79855	1.631	1.592	1.539	1.491
0.80344	1.628	1.594	1.539	1.494
0.40751	1.616	1.581	1.533	1.5
0.4121	1.627	1.593	1.543	1.495
0.43076	1.633	1.597	1.542	1.502
0.43539	1.621	1.587	1.54	1.495
0.43999	1.627	1.59	1.539	1.493
0.45726	1.62	1.593	1.541	1.5
0.4692	1.636	1.595	1.544	1.513
0.47386	1.673	1.636	1.584	1.54
0.47847	1.738	1.699	1.647	1.592
0.48301	1.823	1.783	1.724	1.683
0.48824	1.923	1.889	1.823	1.788
0.87986	1.631	1.597	1.538	1.499
0.88491	1.624	1.587	1.534	1.494
0.88989	1.632	1.593	1.546	1.488
0.89716	1.619	1.586	1.534	1.493
0.90214	1.625	1.591	1.539	1.483
0.90704	1.622	1.584	1.534	1.493
0.9121	1.626	1.593	1.538	1.495
0.22407	1.62	1.592	1.537	1.501
0.22901	1.624	1.586	1.533	1.498
0.23429	1.628	1.59	1.544	1.491
0.23976	1.62	1.592	1.539	1.494
0.63286	1.624	1.588	1.531	1.489
0.63779	1.622	1.586	1.538	1.49
0.00484	2.253	2.248	2.225	2.179
0.00962	2.093	2.076	2.033	1.977
0.01452	1.944	1.919	1.877	1.826
0.01956	1.817	1.784	1.731	1.686
0.02453	1.717	1.685	1.635	1.583
0.03003	1.639	1.606	1.561	1.523
0.03555	1.625	1.595	1.537	1.504
0.04048	1.627	1.592	1.542	1.491
0.04647	1.621	1.591	1.536	1.497
0.36324	1.609	1.584	1.527	1.501
0.36813	1.623	1.588	1.535	1.489
0.37314	1.617	1.591	1.534	1.498
0.03331	1.627	1.597	1.548	1.507
0.03804	1.651	1.604	1.559	1.519
0.04339	1.627	1.595	1.54	1.505
0.04821	1.63	1.594	1.539	1.498
0.05416	1.632	1.592	1.541	1.506
0.07676	1.628	1.589	1.539	1.49
0.08174	1.626	1.595	1.538	1.494
0.08663	1.628	1.589	1.545	1.497
0.09169	1.626	1.588	1.536	1.493
0.09673	1.618	1.584	1.536	1.491
0.10164	1.622	1.582	1.533	1.492
0.47902	1.745	1.708	1.65	1.625
0.48388	1.835	1.793	1.732	1.7
0.48986	1.967	1.923	1.862	1.826
0.49534	2.076	2.025	1.961	1.918
0.50034	2.119	2.06	1.992	1.961
0.50532	2.057	2.014	1.952	1.922
0.51005	1.966	1.927	1.864	1.84
0.51512	1.862	1.823	1.769	1.722
0.5216	1.737	1.702	1.644	1.603
0.52639	1.675	1.639	1.583	1.563
0.53132	1.634	1.597	1.549	1.501
0.53631	1.633	1.597	1.546	1.5
0.54088	1.625	1.592	1.54	1.492
0.54588	1.621	1.589	1.54	1.491